mAP:0.003431613078959183
P@5:0.0
MRR:0.001963217048606043
precision:0.0
recall:0.0
f1:0.0
acc:0.0
